31297
48037
23417
52407
27956
7883
40873
37836
54742
13367
65114
34331
15047
58226
8201
61462
28140
13851
59010
52901
28494
15411
27317
10986
64037
9854
38764
32909
42102
64396
34308
28226
15027
63813
24608
56607
21035
11768
44182
15661
48880
26813
59605
7872
15400
23199
52485
49965
168
43836
26675
41271
38605
41260
2002
44235
42980
62904
49781
29842
60047
58096
35264
380
6384
54130
24308
47876
37214
15807
62619
48082
47754
27011
28954
49343
19087
21430
8355
15867
2269
11500
49496
14951
37908
27079
39632
3485
12861
45634
9916
27322
41451
13337
13667
45055
17084
46247
39306
49923
53750
1502
27666
44776
2704
23997
57315
50654
44009
526
24797
57106
27409
58117
371
31629
60458
36395
31740
127
45027
8294
1541
30972
46112
60957
10567
9264
55976
2256
46942
29922
52778
27479
39187
46719
16216
5677
6919
22937
3683
38819
7323
17120
50049
28575
4002
11269
9133
10442
